[17, 251, 135, 156, 136, 16, 66, 13, 214, 222, 220, 87, 229, 92, 174, 219]
[90, 31, 62, 69, 210, 15, 124, 72, 4, 209, 160, 31, 225, 141, 14, 196]
[5, 180, 34, 189, 215, 187, 94, 245, 211, 106, 254, 234, 50, 231, 240, 46]
[149, 56, 19, 158, 66, 131, 77, 107, 145, 233, 179, 129, 163, 14, 67, 175]
[54, 34, 106, 148, 116, 161, 39, 255, 229, 72, 148, 126, 70, 70, 215, 209]
[124, 44, 84, 206, 8, 141, 115, 49, 237, 197, 231, 79, 171, 131, 48, 158]
[176, 40, 95, 172, 184, 165, 44, 157, 85, 96, 203, 210, 254, 227, 251, 76]
[225, 39, 118, 23, 89, 130, 90, 138, 12, 226, 145, 88, 242, 1, 106, 20]
[29, 37, 140, 158, 68, 167, 214, 20, 72, 69, 71, 76, 186, 68, 45, 88]
[29, 253, 230, 106, 89, 90, 48, 126, 17, 31, 119, 50, 171, 91, 90, 106]
[18, 67, 228, 8, 75, 25, 212, 118, 90, 6, 163, 68, 241, 93, 249, 46]
